Heberth del Carpio Maraza
Metodo de Menimos cuadrados.
Datos X : 
[-0.67324638 -1.25694587  0.25684868 -0.46258967  1.50680394 -0.30484392
  2.15330026 -0.28352783 -1.10347764  0.46484046 -0.51306431 -0.58931159
  0.3717144  -0.75429117 -1.52900505 -0.31793753 -0.80554249 -0.55770191
  2.13767813 -0.79533008  0.06029076  0.01959027 -0.41216823  1.26214048
 -0.75735172 -0.59969239  1.45520062  0.79202784  0.44382933 -0.23020673
  0.89066607 -2.11331078  0.36493763  1.51665269 -0.22661639 -1.36048766
  0.65560442  0.03350114 -0.80735301 -2.46743127 -0.4993556   1.03941007
  0.83750751  0.56232214 -0.53668514  1.2463525   2.47233607  2.06169762
 -0.0880285   0.20036874 -1.18618863  0.11223867 -1.51813909 -0.12581635
 -0.43711815  0.61426957  0.23751146  0.25480841  0.10286424 -0.9327795
 -1.52146087  0.8442905  -0.61475535 -0.86621205  0.37015099 -0.7779308
  0.85203578  1.3999484   0.54185399  0.56745908 -0.10401991  0.8566916
 -0.75520859  0.29924844 -0.28359934 -0.27925602  0.8054655   0.96380138
 -1.20286513 -0.31620153 -1.05274284 -0.92450121  1.00474802  0.90667522
  0.99284342  1.02888859 -1.58532601  0.5087622   0.21467466  0.08560716
 -1.16162721 -0.59371768 -0.29298133 -0.69001264  0.73253365  1.46490839
  1.20210044  0.66689408  1.60045397  1.90125479]
Datos Y : 
[-52.30530803 -48.65328835   8.27149125 -16.00233293  48.50641577
  35.31705662  72.22763293  20.09184671 -25.10708885  -9.02936901
 -33.65337714 -15.25452586   2.11459926 -17.1549174  -50.00173268
   1.06556706 -47.52753069 -12.88729434  33.402449   -23.01513225
  14.01300144  22.49311841  10.36580383  18.82557301 -20.15311676
 -21.20973583  56.68649677  29.21158484  15.24235868 -18.22813114
  49.67804983 -85.37884624   7.95009065  42.48168701  -1.92668722
 -25.26218845  46.00105626  30.36449521 -45.90821439 -97.09883396
 -14.86231965  34.63260529   5.90237355  24.61953859   1.18134831
  76.61166155  89.81177307  63.14871566 -14.60310517   2.6579769
 -47.60412129 -31.97144499 -38.66201034  18.98618971  -8.12923954
   9.56154633   5.56928017  -0.56401728   5.09616969 -34.71926415
 -68.96237596  32.46470692  -9.72320483   1.6841225   17.20059549
  -2.74626349   1.50991643  48.7967901   16.23645414  26.56587016
  -6.61072393  -4.32405866 -31.17568781  -0.56766865   3.07965204
   7.20626056  -0.86114389   8.09344847 -31.24929224   6.12095852
  18.67431443 -19.17065113  28.49211882   5.33920956  26.11312485
  42.12714826 -37.75270106  14.84120177  15.94844021 -12.0708236
 -10.09542227  29.81719428  22.69626233 -55.57376122  24.11336174
  34.09776283  57.90981043  56.7344894   33.15335535  30.93497886]
Longitud : 100
Media de x : 0.06670641290921506
Media de y : 3.6428414921239947
Sumatoria de x : 6.670641290921505
Sumatoria de y : 364.2841492123995
Sumatoria de xy : 2838.9466588848895
Sumatoria de x2 : 97.68143418381838
Sumatoria de y2 : 116623.75848609114
