Heberth del Carpio Maraza
Practica 01: Metodo de Minimos cuadrados.
Datos X : 
[-0.7920573   0.20962787 -0.17860035 -0.90757049 -0.62919608  0.41283908
 -0.77321165 -0.04104366 -0.48144081 -0.71070818  0.94642378 -0.70018591
 -1.02014849 -0.53413777 -2.26923833  1.56994209 -0.19846571 -1.46065417
  0.14360973  1.19228451  0.63380674 -0.72192817  0.06195226  0.59062334
  0.06870632 -0.28816685  1.06382763 -0.33911945  0.95102551  2.34728613
 -3.4968566   0.96577524 -0.51588906  0.77116989 -0.75789683  1.08269212
 -0.36475807  0.27502511 -0.80663127 -0.4157314  -0.31938173  0.98477124
 -0.39561273 -0.34870636 -0.79636994 -1.67984606  0.05614632 -1.42499845
  0.09620275 -0.05946076 -0.74615829  0.70261645 -0.580424    0.00801821
  0.86809205 -0.43154011  0.10654905  1.02130205 -2.63277513  1.27069589
 -0.41000818 -2.05488851  0.72675926 -0.19245277 -0.26336317  0.60099484
 -0.90112118  0.57919183 -1.24664267 -1.11208111  0.55773106  1.09004914
 -2.03254144  1.19133426  0.53539843 -0.06770492 -1.8461328  -1.05804405
 -1.11504943 -0.57160919  1.40640716  2.28856199  0.58120024 -1.45909712
 -1.01204879 -0.18709254  0.21941973  1.66277291 -2.64790362 -0.77115302
  0.74254694 -0.39663048 -0.12082882 -0.99337383 -0.08132685  0.74828876
  0.69035671  1.74259194  1.62393613 -1.33224581]
Datos Y : 
[ -0.98402797  31.36137495   9.87037181 -36.61202503 -61.38776856
  19.30424759  23.7127703  -23.5522514    5.80870642 -22.59895502
  57.08586742   3.48167805   2.03531867 -20.09066764 -77.60729498
  42.35499684   2.27340074 -21.81747324 -27.96477931  71.54448335
   3.54213286 -25.91541409 -36.6642755   23.73094892  -5.70398574
   9.85713668  20.92299386   4.46741813  -4.9705345   74.82177946
 -65.35555574   9.45584287  -8.13182448 -25.82547095   5.07856964
  28.69805778 -22.23221635 -37.59730809  -0.44498255 -12.84725341
 -12.92424477   5.76421607  12.0361843  -24.03446861  -8.85443934
 -27.63937114  18.55250164 -68.07839648  21.87256179 -18.34057759
 -17.2784224   19.83382971 -29.20355648   1.38424688  35.7370045
  -9.11638137 -30.24573494  11.28926522 -65.7408912   14.78598577
  -0.43134453 -23.66074817  20.24514005 -17.60958161   0.84524058
  24.58529079  -5.52244962  25.97148422  -0.46794923  -6.49589788
 -30.84507294  13.05072361 -39.03353548  39.85707319   3.17064976
   3.83902362 -76.79658579 -46.08543095 -50.47964378 -17.15373411
  16.4128813   39.40162796  17.26267146 -33.3406186  -34.08154965
  15.26347217 -31.32383813  12.68565085 -50.25134581  -2.13641823
   6.90584287  20.50221128  27.40988382   0.41452289  -4.41160232
  21.07272262  70.60659668  52.5681318   38.89159975 -56.87098805]

 === Variables === 
Longitud : 100
Media de x : -0.14303697720481506
Media de y : -3.151325502933429
Sumatoria de x : -14.303697720481507
Sumatoria de y : -315.1325502933429
Sumatoria de xy : 2550.0513789309903
Sumatoria de x2 : 116.10173612982554
Sumatoria de y2 : 99200.81859354279
[-17.40558078   4.59415572  -3.93239404 -19.94256524 -13.82870445
   9.05722781 -16.99167893  -0.91127433 -10.583596   -15.61893238
  20.77620215 -15.38783458 -22.41508502 -11.74096488 -49.84850247
  34.47036374  -4.36869147 -32.0897905    3.14421753  26.17597396
  13.91027984 -15.86535398   1.35079691  12.96185487   1.49913444
  -6.33877309  23.35471077  -7.45783107  20.87726873  51.54295763
 -76.81034578  21.20121295 -11.34017349  16.92714911 -16.6553238
  23.76902641  -8.02092502   6.03045749 -17.72566494  -9.14043841
  -7.02433686  21.61841691  -8.69857745  -7.66838563 -17.50029807
 -36.90384176   1.22328251 -31.30669363   2.10303108  -1.31576404
 -16.39751339  15.42152865 -12.75753677   0.1662582   19.05582384
  -9.48764065   2.33026399  22.42073313 -57.83276141  27.89810167
  -9.01474071 -45.14079619  15.95177057  -4.236631    -5.79401657
  13.18964126 -19.80092079  12.71078776 -27.38951451 -24.43417601
  12.2394506   23.93060664 -44.64999374  26.15510399  11.7489652
  -1.49682823 -40.55595177 -23.24737479 -24.49936828 -12.56393953
  30.87869096  50.25321552  12.75489785 -32.05559328 -22.23719349
  -4.11890566   4.80921175  36.50918166 -58.16502433 -16.94646589
  16.2985112   -8.72092993  -2.66357378 -21.82704052  -1.79600286
  16.42461709  15.15227144  38.26222513  35.65622012 -29.26959292]39e+01
  4.11845065e+01  8.81542593e+00 -3.83737211e+01 -8.26358683e+00
  5.87090250e+01  1.25413310e+02 -3.75526978e+01  8.09054107e+01
  1.04498415e+02  7.66523013e-02 -7.69960798e+01  9.65937822e+01
 -6.50128615e+01  8.22195277e+01  6.65722973e+01  4.31109019e+01
 -1.18617529e+02 -1.31458423e+02  1.27016224e+01 -7.88450136e+01
 -6.00185104e+01 -7.47711513e+01  1.21279531e+02 -1.64830754e+02]