
 ================ PRACTICA 01 - INTELIGENCIA ARTIFICIAL ================ 
PRESENTADO POR : Heberth del Carpio Maraza
PRACTICA 01    : Metodo de Minimos cuadrados.

====  DATOS === 
Variable Independiente  X : 
[-0.4402  0.4254  0.4307  0.8036  0.4539 -0.4126 -0.9466 -0.8956  0.5132
 -1.684  -1.1133 -0.0432  1.4572 -0.0813 -2.0597 -1.8632  0.3571  0.6556
  0.6028 -0.309  -1.9078 -1.8627  0.7981 -1.0086  0.6319  0.1333 -0.2118
 -0.3951 -0.1724 -0.2468  0.1861  0.6541  0.5293  2.1505  1.0048  1.1342
  0.084  -0.848  -0.4874  1.1593 -0.1261 -0.9376 -0.2338  0.7095 -0.4624
 -0.2018 -0.0645  0.1215  0.5951  2.2902  0.9829 -0.2762  0.4332  0.2152
  0.1847 -0.8525 -0.8004  0.6882 -0.7086 -0.4286 -0.0665 -0.3561  0.753
 -0.0746  0.2477  1.1147 -1.7043  0.8657  0.8147 -1.6151 -0.2539 -0.4313
 -0.5756  1.9656 -0.3191  0.5204  0.1446  1.6317  0.1768 -1.2145 -0.2828
  0.3005  1.2968 -0.8497  0.4629  0.434   0.316   1.6535 -1.1245 -0.436
 -0.4413  2.2646  0.9519  0.7056  0.6326  0.4851 -1.6151  1.4591  0.1503
 -0.9598]
Variable Dependiente Y : 
[ -44.6427   13.4209   46.3452   23.1969   18.0711    4.3122 -104.1985
  -61.9581   14.4509 -125.192   -87.7942   -1.8987  105.2225  -28.1467
 -167.774  -174.3449   -3.8424   80.2256   56.09    -49.3499 -151.1889
 -160.9259   60.9293  -85.2361   50.8326    3.2293  -26.6525   -7.214
    9.3426  -18.8881   28.3274   87.0107   47.4315  154.6045   96.64
   91.2961    3.5945  -96.1955  -51.5718  119.5503   -6.6626  -82.1144
  -40.2074   82.6791  -40.0521  -28.748    16.7042   12.4904   56.3653
  171.0176   86.4794  -39.6269   37.5882   21.9717   69.9848  -50.3944
  -46.9108   20.5467  -59.3867  -40.9034  -37.0841  -18.858    42.0824
   -0.4062  -19.049    89.9588 -135.8891   76.1708   57.6004  -96.9078
  -18.0366  -27.0091  -62.8869  177.4602   -4.0315   68.7731   52.6701
  115.3285   68.8845 -128.4537  -41.0354   24.9788  127.9637  -63.9232
   42.6155   55.4461  -37.5927  141.3468 -127.6422  -29.679   -26.76
  161.8007   77.0898   62.5419   33.8523   26.5761 -134.3116  113.7506
   14.6841  -95.8936]

 === Variables === 
Longitud : 100
Media de x : 0.0533
Media de y : 3.3406
Sumatoria de x : 5.3312
Sumatoria de y : 334.0551
Sumatoria de xy : 7088.1643
Sumatoria de x2 : 87.3374
Sumatoria de y2 : 617339.1791

===   Ecuacion Regresion Lineal   ===
Ec. regresion :  -0.9894 + 81.2188x